%YAML:1.0
cameraMatrix: !!opencv-matrix
   rows: 3
   cols: 3
   dt: d
   data: [ 3.4386988478418953e+003, 0., 1.9982420567254374e+003, 0.,
       3.4407772782830898e+003, 1.0842839750025601e+003, 0., 0., 1. ]
imageSize_width: 4096
imageSize_height: 2160
sensorSize_width: 0
sensorSize_height: 0
distCoeffs: !!opencv-matrix
   rows: 5
   cols: 1
   dt: d
   data: [ -1.2775386192060653e-001, 1.3516537531479050e-001,
       1.1910994582570106e-003, -1.7273281380906151e-003,
       -6.5342267948650432e-002 ]
reprojectionError: 1.4705596864223480e-001
features:
   - [ 3.75125519e+002, 2.68715546e+002, 5.19346985e+002,
       2.88313385e+002, 6.59994690e+002, 3.07337677e+002,
       7.96483826e+002, 3.25812042e+002, 9.29347229e+002,
       3.43883179e+002, 1.05886707e+003, 3.61698486e+002,
       1.18477039e+003, 3.79161926e+002, 1.30757043e+003,
       3.96133972e+002, 1.42682080e+003, 4.12953705e+002,
       1.54342871e+003, 4.29423981e+002, 3.64374146e+002,
       4.05009460e+002, 5.08546112e+002, 4.22587799e+002,
       6.48957886e+002, 4.39578857e+002, 7.85427185e+002,
       4.56157135e+002, 9.18238159e+002, 4.72434784e+002,
       1.04771570e+003, 4.88364685e+002, 1.17383972e+003,
       5.03970276e+002, 1.29644727e+003, 5.19360840e+002,
       1.41613696e+003, 5.34383850e+002, 1.53264954e+003,
       5.49133728e+002, 3.53854584e+002, 5.41283142e+002,
       4.97953461e+002, 5.56848816e+002, 6.38358582e+002,
       5.71975037e+002, 7.74650391e+002, 5.86620056e+002,
       9.07368713e+002, 6.01046021e+002, 1.03693665e+003,
       6.15196594e+002, 1.16289185e+003, 6.29015076e+002,
       1.28560120e+003, 6.42587280e+002, 1.40523816e+003,
       6.55896301e+002, 1.52183569e+003, 6.68942505e+002,
       3.43749847e+002, 6.77188416e+002, 4.87667633e+002,
       6.90747620e+002, 6.27868530e+002, 7.03878906e+002,
       7.64169861e+002, 7.16837585e+002, 8.96833435e+002,
       7.29415466e+002, 1.02635583e+003, 7.41717834e+002,
       1.15244214e+003, 7.53784302e+002, 1.27491675e+003,
       7.65577148e+002, 1.39457019e+003, 7.77255920e+002,
       1.51116467e+003, 7.88698792e+002, 3.34003357e+002,
       8.12730408e+002, 4.77780945e+002, 8.24448853e+002,
       6.17773376e+002, 8.35699768e+002, 7.53954285e+002,
       8.46749512e+002, 8.86583923e+002, 8.57476807e+002,
       1.01594250e+003, 8.68116577e+002, 1.14176367e+003,
       8.78460388e+002, 1.26456201e+003, 8.88536499e+002,
       1.38392200e+003, 8.98405640e+002, 1.50056287e+003,
       9.08211365e+002, 3.24732422e+002, 9.47815918e+002,
       4.68408447e+002, 9.57557617e+002, 6.08263062e+002,
       9.67091980e+002, 7.44210632e+002, 9.76335571e+002,
       8.76691650e+002, 9.85311035e+002, 1.00581293e+003,
       9.94095276e+002, 1.13162610e+003, 1.00267047e+003,
       1.25429883e+003, 1.01109583e+003, 1.37363831e+003,
       1.01923834e+003, 1.49014136e+003, 1.02739343e+003,
       3.15808533e+002, 1.08266846e+003, 4.59324768e+002,
       1.09062952e+003, 5.98883667e+002, 1.09820886e+003,
       7.34810059e+002, 1.10557568e+003, 8.67007507e+002,
       1.11280945e+003, 9.96120728e+002, 1.11978906e+003,
       1.12166370e+003, 1.12668506e+003, 1.24420044e+003,
       1.13334009e+003, 1.36341638e+003, 1.13989343e+003,
       1.47985950e+003, 1.14641418e+003 ]
   - [ 4.07382965e+002, 5.69280396e+002, 5.46870300e+002,
       5.88431885e+002, 6.83147156e+002, 6.06969849e+002,
       8.15564392e+002, 6.25153870e+002, 9.44643860e+002,
       6.42854431e+002, 1.07069641e+003, 6.60276978e+002,
       1.19333716e+003, 6.77358215e+002, 1.31308789e+003,
       6.93962769e+002, 1.42939197e+003, 7.10351563e+002,
       1.54334009e+003, 7.26282227e+002, 3.92753387e+002,
       7.00992126e+002, 5.32681641e+002, 7.18376160e+002,
       6.69159241e+002, 7.35262878e+002, 8.01980713e+002,
       7.51623474e+002, 9.31389954e+002, 7.67658752e+002,
       1.05770166e+003, 7.83496399e+002, 1.18082422e+003,
       7.98787170e+002, 1.30062305e+003, 8.13916687e+002,
       1.41760242e+003, 8.28654541e+002, 1.53165552e+003,
       8.43048035e+002, 3.78436737e+002, 8.33388611e+002,
       5.18685303e+002, 8.48923218e+002, 6.55474792e+002,
       8.64046204e+002, 7.88596558e+002, 8.78721375e+002,
       9.18293762e+002, 8.93191467e+002, 1.04499597e+003,
       9.07219055e+002, 1.16831335e+003, 9.21010925e+002,
       1.28852380e+003, 9.34419128e+002, 1.40568213e+003,
       9.47548218e+002, 1.52012793e+003, 9.60390991e+002,
       3.64448486e+002, 9.65937134e+002, 5.05043945e+002,
       9.79704834e+002, 6.42125061e+002, 9.93059326e+002,
       7.75460876e+002, 1.00613977e+003, 9.05478882e+002,
       1.01877081e+003, 1.03239343e+003, 1.03124329e+003,
       1.15610425e+003, 1.04325684e+003, 1.27646497e+003,
       1.05507019e+003, 1.39385620e+003, 1.06661865e+003,
       1.50852380e+003, 1.07785864e+003, 3.50716614e+002,
       1.09876074e+003, 4.91670654e+002, 1.11075195e+003,
       6.28972839e+002, 1.12235376e+003, 7.62693848e+002,
       1.13359082e+003, 8.92883362e+002, 1.14458533e+003,
       1.02010394e+003, 1.15530347e+003, 1.14378210e+003,
       1.16571851e+003, 1.26458630e+003, 1.17581140e+003,
       1.38222424e+003, 1.18577930e+003, 1.49700598e+003,
       1.19545337e+003, 3.37438721e+002, 1.23171692e+003,
       4.78683929e+002, 1.24185168e+003, 6.16323914e+002,
       1.25171082e+003, 7.50187378e+002, 1.26129004e+003,
       8.80665405e+002, 1.27059851e+003, 1.00794745e+003,
       1.27958997e+003, 1.13196936e+003, 1.28840784e+003,
       1.25285046e+003, 1.29691064e+003, 1.37067761e+003,
       1.30518164e+003, 1.48559863e+003, 1.31323389e+003,
       3.24501709e+002, 1.36506030e+003, 4.66034729e+002,
       1.37341919e+003, 6.03799561e+002, 1.38140527e+003,
       7.37970703e+002, 1.38925793e+003, 8.68558533e+002,
       1.39677405e+003, 9.96100830e+002, 1.40406689e+003,
       1.12024487e+003, 1.41118567e+003, 1.24122351e+003,
       1.41797522e+003, 1.35922388e+003, 1.42467627e+003,
       1.47437683e+003, 1.43116101e+003 ]
   - [ 5.79193420e+002, 1.07186511e+003, 7.10325012e+002,
       1.08955371e+003, 8.39019592e+002, 1.10677490e+003,
       9.64604431e+002, 1.12360767e+003, 1.08747424e+003,
       1.14011023e+003, 1.20786292e+003, 1.15632568e+003,
       1.32537744e+003, 1.17205603e+003, 1.44054980e+003,
       1.18735693e+003, 1.55265881e+003, 1.20237195e+003,
       1.66279919e+003, 1.21694873e+003, 5.60483887e+002,
       1.19780652e+003, 6.92584106e+002, 1.21409485e+003,
       8.22024414e+002, 1.22995410e+003, 9.48540588e+002,
       1.24546143e+003, 1.07219666e+003, 1.26055542e+003,
       1.19330261e+003, 1.27535803e+003, 1.31165540e+003,
       1.28965015e+003, 1.42717590e+003, 1.30375403e+003,
       1.54042542e+003, 1.31742566e+003, 1.65096240e+003,
       1.33064429e+003, 5.41913452e+002, 1.32515076e+003,
       6.74926819e+002, 1.33998438e+003, 8.05259644e+002,
       1.35442578e+003, 9.32483582e+002, 1.36852087e+003,
       1.05686292e+003, 1.38223047e+003, 1.17877588e+003,
       1.39559473e+003, 1.29772583e+003, 1.40860120e+003,
       1.41412610e+003, 1.42123743e+003, 1.52777673e+003,
       1.43354346e+003, 1.63910608e+003, 1.44545813e+003,
       5.23499390e+002, 1.45345605e+003, 6.57432617e+002,
       1.46688013e+003, 7.88509888e+002, 1.47982532e+003,
       9.16552368e+002, 1.49250378e+003, 1.04170947e+003,
       1.50478552e+003, 1.16431909e+003, 1.51676184e+003,
       1.28406116e+003, 1.52838074e+003, 1.40085522e+003,
       1.53949585e+003, 1.51521875e+003, 1.55044336e+003,
       1.62700073e+003, 1.56098718e+003, 5.05169159e+002,
       1.58290955e+003, 6.40003967e+002, 1.59479956e+003,
       7.71885620e+002, 1.60629858e+003, 9.00702576e+002,
       1.61740088e+003, 1.02657349e+003, 1.62822656e+003,
       1.14983167e+003, 1.63872974e+003, 1.27015369e+003,
       1.64882007e+003, 1.38774255e+003, 1.65863562e+003,
