%YAML:1.0
Mat: !!opencv-matrix
   rows: 3
   cols: 1
   dt: d
   data: [ 7.8398600854066441e-002, 1.6587726947625829e-002,
       -3.6855591642504706e-003 ]
