%YAML:1.0
Mat: !!opencv-matrix
   rows: 3
   cols: 1
   dt: d
   data: [ -1.0330672440705375e+000, 1.0937726474840743e+002,
       -1.2372576474368708e+001 ]
