%YAML:1.0
cameraMatrix: !!opencv-matrix
   rows: 3
   cols: 3
   dt: d
   data: [ 1.3305616360241995e+003, 0., 9.6847194907587584e+002, 0.,
       1.3270480723377129e+003, 5.5043084290831098e+002, 0., 0., 1. ]
imageSize_width: 1920
imageSize_height: 1080
sensorSize_width: 0
sensorSize_height: 0
distCoeffs: !!opencv-matrix
   rows: 5
   cols: 1
   dt: d
   data: [ -1.3122771707016176e-001, 1.0606538642963641e-001,
       9.9471295276578535e-004, 6.0770649402825316e-004,
       -4.2009710796756292e-002 ]
reprojectionError: 1.1267001926898956e-001
features:
   - [ 1.81153580e+002, 1.18084007e+002, 2.24188187e+002,
       1.22291069e+002, 2.66457977e+002, 1.26413307e+002,
       3.07937653e+002, 1.30406876e+002, 3.48613495e+002,
       1.34326645e+002, 3.88595337e+002, 1.38231110e+002,
       4.27897064e+002, 1.42055222e+002, 4.66570770e+002,
       1.45773682e+002, 5.04368378e+002, 1.49571548e+002,
       5.41735168e+002, 1.53324387e+002, 1.81207886e+002,
       1.58091431e+002, 2.24017242e+002, 1.61838882e+002,
       2.66188080e+002, 1.65581650e+002, 3.07427124e+002,
       1.69153702e+002, 3.47841858e+002, 1.72672394e+002,
       3.87671112e+002, 1.76249023e+002, 4.26722076e+002,
       1.79701233e+002, 4.65157349e+002, 1.83023544e+002,
       5.02952484e+002, 1.86457962e+002, 5.40147644e+002,
       1.89797958e+002, 1.81384445e+002, 1.97817139e+002,
       2.23998093e+002, 2.01261826e+002, 2.65798706e+002,
       2.04537735e+002, 3.06843903e+002, 2.07761261e+002,
       3.47140656e+002, 2.10901459e+002, 3.86665985e+002,
       2.14061783e+002, 4.25595184e+002, 2.17155731e+002,
       4.63890076e+002, 2.20295090e+002, 5.01382629e+002,
       2.23200348e+002, 5.38524353e+002, 2.26315750e+002,
       1.81650772e+002, 2.37351746e+002, 2.23957489e+002,
       2.40298096e+002, 2.65537933e+002, 2.43197037e+002,
       3.06441071e+002, 2.46085541e+002, 3.46446869e+002,
       2.48765244e+002, 3.85874359e+002, 2.51530807e+002,
       4.24586823e+002, 2.54315918e+002, 4.62670837e+002,
       2.57080475e+002, 5.00076477e+002, 2.59663055e+002,
       5.36995667e+002, 2.62374390e+002, 1.81977036e+002,
       2.76389832e+002, 2.24086838e+002, 2.78866394e+002,
       2.65417847e+002, 2.81411743e+002, 3.05892883e+002,
       2.83945526e+002, 3.45891266e+002, 2.86376648e+002,
       3.85024628e+002, 2.88806549e+002, 4.23609833e+002,
       2.91221802e+002, 4.61509277e+002, 2.93467560e+002,
       4.98850067e+002, 2.95861237e+002, 5.35548401e+002,
       2.98225739e+002, 1.82401794e+002, 3.15029419e+002,
       2.24242401e+002, 3.17322296e+002, 2.65286163e+002,
       3.19408600e+002, 3.05621704e+002, 3.21524170e+002,
       3.45315918e+002, 3.23610962e+002, 3.84315094e+002,
       3.25625275e+002, 4.22602783e+002, 3.27715424e+002,
       4.60460846e+002, 3.29691589e+002, 4.97486298e+002,
       3.31789551e+002, 5.34161255e+002, 3.33760193e+002,
       1.82761566e+002, 3.53458740e+002, 2.24449844e+002,
       3.55298798e+002, 2.65275787e+002, 3.57103699e+002,
       3.05421234e+002, 3.58931213e+002, 3.44838470e+002,
       3.60574432e+002, 3.83674744e+002, 3.62296387e+002,
       4.21859650e+002, 3.64005524e+002, 4.59329712e+002,
       3.65741882e+002, 4.96352264e+002, 3.67432922e+002,
       5.32705505e+002, 3.69202942e+002 ]
   - [ 7.93458557e+002, 8.82301559e+001, 8.29174622e+002,
       9.00364761e+001, 8.65013611e+002, 9.19605789e+001,
       9.00728638e+002, 9.39261398e+001, 9.36459717e+002,
       9.60103226e+001, 9.72179688e+002, 9.80109253e+001,
       1.00764130e+003, 1.00363235e+002, 1.04325085e+003,
       1.02478439e+002, 1.07842346e+003, 1.04777779e+002,
       1.11370752e+003, 1.07233727e+002, 7.92144592e+002,
       1.24637108e+002, 8.27843567e+002, 1.26564323e+002,
       8.63410400e+002, 1.28319565e+002, 8.98954834e+002,
       1.30327820e+002, 9.34486206e+002, 1.32244080e+002,
       9.70083557e+002, 1.34441864e+002, 1.00547272e+003,
       1.36457825e+002, 1.04075500e+003, 1.38617279e+002,
       1.07585962e+003, 1.40927185e+002, 1.11100964e+003,
       1.43232925e+002, 7.90934692e+002, 1.60898926e+002,
       8.26390076e+002, 1.62685745e+002, 8.61927612e+002,
       1.64551147e+002, 8.97242249e+002, 1.66374847e+002,
       9.32721741e+002, 1.68442093e+002, 9.67954956e+002,
       1.70375122e+002, 1.00329407e+003, 1.72565536e+002,
       1.03831323e+003, 1.74590210e+002, 1.07339575e+003,
       1.76785736e+002, 1.10829626e+003, 1.79091156e+002,
       7.89794128e+002, 1.96752838e+002, 8.25047974e+002,
       1.98595886e+002, 8.60342590e+002, 2.00429794e+002,
       8.95614258e+002, 2.02269302e+002, 9.30704651e+002,
       2.04208069e+002, 9.65983032e+002, 2.06135651e+002,
       1.00089563e+003, 2.08210938e+002, 1.03591357e+003,
       2.10175644e+002, 1.07073975e+003, 2.12397751e+002,
       1.10551025e+003, 2.14552841e+002, 7.88710449e+002,
       2.32410721e+002, 8.23813110e+002, 2.34166046e+002,
       8.58913330e+002, 2.36042831e+002, 8.93923340e+002,
       2.37681641e+002, 9.28847656e+002, 2.39612045e+002,
       9.63884827e+002, 2.41549927e+002, 9.98717102e+002,
       2.43530640e+002, 1.03358435e+003, 2.45565308e+002,
       1.06820422e+003, 2.47583862e+002, 1.10280066e+003,
       2.49704468e+002, 7.87584961e+002, 2.67750336e+002,
       8.22530273e+002, 2.69477264e+002, 8.57378601e+002,
       2.71089630e+002, 8.92350769e+002, 2.72997772e+002,
       9.27109009e+002, 2.74819672e+002, 9.61933105e+002,
       2.76679749e+002, 9.96518127e+002, 2.78629791e+002,
       1.03125671e+003, 2.80544525e+002, 1.06561365e+003,
       2.82603577e+002, 1.10009998e+003, 2.84586182e+002,
       7.86606995e+002, 3.02754913e+002, 8.21274475e+002,
       3.04430420e+002, 8.55965820e+002, 3.06205811e+002,
       8.90591431e+002, 3.07974762e+002, 9.25349792e+002,
       3.09631226e+002, 9.59794189e+002, 3.11464661e+002,
       9.94347717e+002, 3.13345001e+002, 1.02888123e+003,
       3.15188660e+002, 1.06314941e+003, 3.17218140e+002,
       1.09737244e+003, 3.19196381e+002 ]
   - [ 1.35132410e+003, 7.50708160e+001, 1.38891028e+003,
       7.55683212e+001, 1.42698169e+003, 7.59691315e+001,
       1.46551868e+003, 7.64842987e+001, 1.50455652e+003,
       7.70675201e+001, 1.54418579e+003, 7.76617203e+001,
       1.58405151e+003, 7.83105545e+001, 1.62464355e+003,
       7.88525085e+001, 1.66552515e+003, 7.98132629e+001,
       1.70723645e+003, 8.04161377e+001, 1.34865710e+003,
       1.12493538e+002, 1.38601892e+003, 1.13233345e+002,
       1.42384070e+003, 1.13948502e+002, 1.46208289e+003,
       1.14709297e+002, 1.50081018e+003, 1.15542503e+002,
       1.54007898e+003, 1.16434647e+002, 1.57978979e+003,
       1.17375793e+002, 1.62002808e+003, 1.18336876e+002,
       1.66067151e+003, 1.19382736e+002, 1.70191260e+003,
       1.20397781e+002, 1.34600732e+003, 1.49720657e+002,
       1.38309839e+003, 1.50611176e+002, 1.42070325e+003,
       1.51633942e+002, 1.45864221e+003, 1.52560059e+002,
       1.49730176e+003, 1.53809662e+002, 1.53619836e+003,
       1.54884506e+002, 1.57555908e+003, 1.56175125e+002,
       1.61536804e+003, 1.57334137e+002, 1.65569312e+003,
       1.58572784e+002, 1.69665808e+003, 1.59966202e+002,
       1.34336487e+003, 1.86380020e+002, 1.38028418e+003,
       1.87646454e+002, 1.41745435e+003, 1.88830826e+002,
       1.45524280e+003, 1.90241013e+002, 1.49339355e+003,
       1.91456512e+002, 1.53214600e+003, 1.92886398e+002,
       1.57126501e+003, 1.94363998e+002, 1.61074487e+003,
       1.95903946e+002, 1.65078174e+003, 1.97420578e+002,
       1.69139246e+003, 1.99032730e+002, 1.34059045e+003,
       2.22766068e+002, 1.37720911e+003, 2.24337372e+002,
       1.41435571e+003, 2.25702164e+002, 1.45172119e+003,
       2.27329849e+002, 1.48959094e+003, 2.28861816e+002,
       1.52814331e+003, 2.30552612e+002, 1.56690186e+003,
       2.32283585e+002, 1.60611548e+003, 2.33946747e+002,
