%YAML:1.0
Mat: !!opencv-matrix
   rows: 3
   cols: 1
   dt: d
   data: [ 6.7174209586252448e-002, 1.8972947267788191e-002,
       -1.5687675708415276e-002 ]
