%YAML:1.0
Mat: !!opencv-matrix
   rows: 3
   cols: 1
   dt: d
   data: [ -1.3458383043709929e+001, 7.1189940844669849e+001,
       4.3458375980757623e+001 ]
