%YAML:1.0
Mat: !!opencv-matrix
   rows: 3
   cols: 1
   dt: d
   data: [ 7.6644658316749367e-002, 1.6606736253439999e-002,
       -5.3586335960502897e-003 ]
