%YAML:1.0
Mat: !!opencv-matrix
   rows: 3
   cols: 1
   dt: d
   data: [ -2.2488065371837069e+000, 1.0930963426924964e+002,
       -6.9175924159153599e+000 ]
