%YAML:1.0
Mat: !!opencv-matrix
   rows: 3
   cols: 1
   dt: d
   data: [ 7.9219422978464363e-002, 2.1810228641472525e-002,
       -1.0223504785656245e-002 ]
