%YAML:1.0
Mat: !!opencv-matrix
   rows: 3
   cols: 1
   dt: d
   data: [ -6.0074935539050145e+000, 1.0938408621853861e+002,
       -1.9055410177310815e+001 ]
