%YAML:1.0
cameraMatrix: !!opencv-matrix
   rows: 3
   cols: 3
   dt: d
   data: [ 1.3040629161852876e+003, 0., 9.5490595633783039e+002, 0.,
       1.2989794467532502e+003, 5.4321191746658394e+002, 0., 0., 1. ]
imageSize_width: 1920
imageSize_height: 1080
sensorSize_width: 0
sensorSize_height: 0
distCoeffs: !!opencv-matrix
   rows: 5
   cols: 1
   dt: d
   data: [ -1.2811605528478684e-001, 1.1276286031034481e-001,
       -5.0495820228861881e-004, 2.7693261257232752e-004,
       -2.4309300600374614e-002 ]
reprojectionError: 1.6760064661502838e-001
features:
   - [ 1.83927441e+003, 5.79112427e+002, 1.80556958e+003,
       5.83316101e+002, 1.77154224e+003, 5.86958252e+002,
       1.73770081e+003, 5.90962463e+002, 1.70388086e+003,
       5.94879639e+002, 1.67008105e+003, 5.98920410e+002,
       1.63653687e+003, 6.02761780e+002, 1.60265491e+003,
       6.06686829e+002, 1.56899463e+003, 6.10627625e+002,
       1.53501428e+003, 6.14624939e+002, 1.83528296e+003,
       5.45103821e+002, 1.80131335e+003, 5.48931396e+002,
       1.76745068e+003, 5.52805115e+002, 1.73363391e+003,
       5.56688965e+002, 1.69957739e+003, 5.60636353e+002,
       1.66625964e+003, 5.64391357e+002, 1.63229749e+003,
       5.68483398e+002, 1.59876074e+003, 5.72313843e+002,
       1.56476721e+003, 5.76409241e+002, 1.53096436e+003,
       5.80239624e+002, 1.83080127e+003, 5.10890045e+002,
       1.79680762e+003, 5.14819458e+002, 1.76329517e+003,
       5.18481750e+002, 1.72881689e+003, 5.22560608e+002,
       1.69571289e+003, 5.26292480e+002, 1.66170984e+003,
       5.30337708e+002, 1.62840784e+003, 5.33958252e+002,
       1.59451001e+003, 5.38086365e+002, 1.56079761e+003,
       5.41932068e+002, 1.52699548e+003, 5.45812134e+002,
       1.82613806e+003, 4.76892059e+002, 1.79240967e+003,
       4.80577332e+002, 1.75816907e+003, 4.84672699e+002,
       1.72509277e+003, 4.88291901e+002, 1.69111646e+003,
       4.92302734e+002, 1.65777307e+003, 4.95953186e+002,
       1.62393591e+003, 4.99893341e+002, 1.59030164e+003,
       5.03756592e+002, 1.55669409e+003, 5.07676849e+002,
       1.52278076e+003, 5.11395599e+002, 1.82142822e+003,
       4.42918121e+002, 1.78746680e+003, 4.46701935e+002,
       1.75426965e+003, 4.50365845e+002, 1.72032898e+003,
       4.54358612e+002, 1.68719702e+003, 4.58035889e+002,
       1.65336877e+003, 4.61938965e+002, 1.61977991e+003,
       4.65625610e+002, 1.58611023e+003, 4.69601654e+002,
       1.55236841e+003, 4.73258881e+002, 1.51860461e+003,
       4.77013275e+002, 1.81654138e+003, 4.09076294e+002,
       1.78335217e+003, 4.12577393e+002, 1.74941980e+003,
       4.16583313e+002, 1.71622046e+003, 4.20142426e+002,
       1.68255005e+003, 4.24128510e+002, 1.64913025e+003,
       4.27744415e+002, 1.61540735e+003, 4.31629303e+002,
       1.58176099e+003, 4.35342163e+002, 1.54816431e+003,
       4.39223785e+002, 1.51436145e+003, 4.42711700e+002,
       1.81226477e+003, 3.74988373e+002, 1.77853186e+003,
       3.78892273e+002, 1.74521729e+003, 3.82396149e+002,
       1.71151758e+003, 3.86439606e+002, 1.67818298e+003,
       3.90071472e+002, 1.64456885e+003, 3.93758911e+002,
       1.61098218e+003, 3.97412109e+002, 1.57749890e+003,
       4.01235474e+002, 1.54373132e+003, 4.04885284e+002,
       1.51003430e+003, 4.08711609e+002 ]
   - [ 1.86664954e+003, 9.17420898e+002, 1.83143188e+003,
       9.22035583e+002, 1.79571033e+003, 9.26081909e+002,
       1.76038330e+003, 9.30422974e+002, 1.72502100e+003,
       9.34973145e+002, 1.68956775e+003, 9.39377747e+002,
       1.65457422e+003, 9.43904663e+002, 1.61921619e+003,
       9.48256958e+002, 1.58395447e+003, 9.52815674e+002,
       1.54861523e+003, 9.57523926e+002, 1.86064966e+003,
       8.81413635e+002, 1.82516650e+003, 8.85606384e+002,
       1.78981470e+003, 8.90043579e+002, 1.75471216e+003,
       8.94251221e+002, 1.71915466e+003, 8.98602478e+002,
       1.68443542e+003, 9.03141541e+002, 1.64896191e+003,
       9.07610291e+002, 1.61421838e+003, 9.12142944e+002,
       1.57879651e+003, 9.16717346e+002, 1.54361670e+003,
       9.21222290e+002, 1.85422351e+003, 8.45279358e+002,
       1.81884827e+003, 8.49507080e+002, 1.78404773e+003,
       8.53735535e+002, 1.74839001e+003, 8.58075500e+002,
       1.71393164e+003, 8.62594299e+002, 1.67855676e+003,
       8.66950989e+002, 1.64393311e+003, 8.71541260e+002,
       1.60874353e+003, 8.76171143e+002, 1.57377795e+003,
       8.80584412e+002, 1.53870129e+003, 8.85170532e+002,
       1.84764807e+003, 8.09347168e+002, 1.81280896e+003,
       8.13583313e+002, 1.77739258e+003, 8.17966736e+002,
       1.74318420e+003, 8.22188110e+002, 1.70793994e+003,
       8.26669800e+002, 1.67352563e+003, 8.31082886e+002,
       1.63851990e+003, 8.35671082e+002, 1.60361133e+003,
       8.40055725e+002, 1.56876318e+003, 8.44703369e+002,
       1.53368628e+003, 8.49023682e+002, 1.84130359e+003,
       7.73548645e+002, 1.80617334e+003, 7.77750732e+002,
       1.77195081e+003, 7.82121033e+002, 1.73692590e+003,
       7.86513855e+002, 1.70267712e+003, 7.90878723e+002,
       1.66772314e+003, 7.95411987e+002, 1.63324670e+003,
       7.99715210e+002, 1.59844727e+003, 8.04269287e+002,
       1.56361829e+003, 8.08652100e+002, 1.52860669e+003,
       8.13239502e+002, 1.83464502e+003, 7.38057312e+002,
       1.80057507e+003, 7.42231995e+002, 1.76566968e+003,
       7.46668213e+002, 1.73155713e+003, 7.50901794e+002,
       1.69682874e+003, 7.55457031e+002, 1.66253003e+003,
       7.59600220e+002, 1.62781091e+003, 7.64159058e+002,
       1.59315845e+003, 7.68454895e+002, 1.55856018e+003,
       7.73038147e+002, 1.52362695e+003, 7.77271362e+002,
       1.82876270e+003, 7.02649902e+002, 1.79431836e+003,
       7.06868652e+002, 1.76017041e+003, 7.11080627e+002,
       1.72556641e+003, 7.15593567e+002, 1.69136902e+003,
       7.19767578e+002, 1.65688953e+003, 7.24067139e+002,
       1.62250916e+003, 7.28430725e+002, 1.58808948e+003,
       7.32896423e+002, 1.55337354e+003, 7.37130676e+002,
       1.51860596e+003, 7.41629944e+002 ]
   - [ 1.76466492e+003, 9.78476868e+002, 1.70354871e+003,
       9.78658203e+002, 1.64183899e+003, 9.78352234e+002,
       1.58045496e+003, 9.78583679e+002, 1.51888281e+003,
       9.78708008e+002, 1.45715161e+003, 9.78786987e+002,
       1.39557092e+003, 9.79004028e+002, 1.33345569e+003,
       9.78973877e+002, 1.27133813e+003, 9.78872314e+002,
       1.20867908e+003, 9.78653320e+002, 1.76170728e+003,
       9.15455811e+002, 1.70063623e+003, 9.15453003e+002,
       1.63958997e+003, 9.15457825e+002, 1.57870813e+003,
       9.15528687e+002, 1.51735315e+003, 9.15571777e+002,
       1.45646948e+003, 9.16032837e+002, 1.39455884e+003,
       9.15996582e+002, 1.33323804e+003, 9.16234558e+002,
       1.27096191e+003, 9.15898926e+002, 1.20867310e+003,
       9.15594971e+002, 1.75835315e+003, 8.52794434e+002,
       1.69760425e+003, 8.52847900e+002, 1.63748096e+003,
       8.52870911e+002, 1.57624341e+003, 8.52874084e+002,
       1.51626477e+003, 8.53158936e+002, 1.45473987e+003,
       8.53253723e+002, 1.39403564e+003, 8.53452881e+002,
       1.33244763e+003, 8.53341309e+002, 1.27064661e+003,
       8.53216553e+002, 1.20864539e+003, 8.52989014e+002,
       1.75455188e+003, 7.90972351e+002, 1.69482178e+003,
       7.90797852e+002, 1.63426233e+003, 7.90800842e+002,
       1.57472009e+003, 7.90911926e+002, 1.51408044e+003,
       7.91029175e+002, 1.45390405e+003, 7.91159729e+002,
       1.39280725e+003, 7.91211853e+002, 1.33164111e+003,
       7.90938171e+002, 1.27039929e+003, 7.90860474e+002,
       1.20849963e+003, 7.90437683e+002, 1.75080640e+003,
       7.29660217e+002, 1.69101575e+003, 7.29507935e+002,
       1.63218530e+003, 7.29481995e+002, 1.57201196e+003,
       7.29492432e+002, 1.51260608e+003, 7.29411621e+002,
       1.45220520e+003, 7.29460938e+002, 1.39172192e+003,
       7.29313171e+002, 1.33074695e+003, 7.29222412e+002,
