%YAML:1.0
Mat: !!opencv-matrix
   rows: 3
   cols: 1
   dt: d
   data: [ 7.2229764940267255e-002, 1.9448778554445892e-002,
       2.6448931477510286e-003 ]
