%YAML:1.0
Mat: !!opencv-matrix
   rows: 3
   cols: 1
   dt: d
   data: [ -5.1928229950782718e+000, 1.0555938920093270e+002,
       -1.1726054925541491e+000 ]
