%YAML:1.0
cameraMatrix: !!opencv-matrix
   rows: 3
   cols: 3
   dt: d
   data: [ 1.3112321024802372e+003, 0., 9.6000954559738113e+002, 0.,
       1.3067731591858433e+003, 5.4266431629921544e+002, 0., 0., 1. ]
imageSize_width: 1920
imageSize_height: 1080
sensorSize_width: 0
sensorSize_height: 0
distCoeffs: !!opencv-matrix
   rows: 5
   cols: 1
   dt: d
   data: [ -1.3705351291544818e-001, 1.1282279434271947e-001,
       2.3502363337648668e-003, -7.0324860766147535e-004,
       -5.3702858541114389e-002 ]
reprojectionError: 9.0364634990692139e-002
features:
   - [ 8.66316589e+002, 3.98476349e+002, 9.01871887e+002,
       4.00929260e+002, 9.37503601e+002, 4.03344482e+002,
       9.73005066e+002, 4.05682892e+002, 1.00852142e+003,
       4.08213684e+002, 1.04408203e+003, 4.10701538e+002,
       1.07936768e+003, 4.13345184e+002, 1.11450671e+003,
       4.15897888e+002, 1.14959119e+003, 4.18446686e+002,
       1.18460303e+003, 4.21043762e+002, 8.64952148e+002,
       4.31863220e+002, 9.00172241e+002, 4.34274353e+002,
       9.35341370e+002, 4.36566498e+002, 9.70526733e+002,
       4.38969543e+002, 1.00555963e+003, 4.41441437e+002,
       1.04064905e+003, 4.43814911e+002, 1.07558447e+003,
       4.46418579e+002, 1.11044312e+003, 4.48779602e+002,
       1.14530273e+003, 4.51442535e+002, 1.17989966e+003,
       4.53846893e+002, 8.63487305e+002, 4.64573029e+002,
       8.98404785e+002, 4.66832825e+002, 9.33251648e+002,
       4.69218353e+002, 9.67808777e+002, 4.71547333e+002,
       1.00267291e+003, 4.73906433e+002, 1.03736023e+003,
       4.76406494e+002, 1.07201550e+003, 4.78744171e+002,
       1.10645349e+003, 4.81238464e+002, 1.14083838e+003,
       4.83674286e+002, 1.17527356e+003, 4.86185577e+002,
       8.62189453e+002, 4.96451477e+002, 8.96542786e+002,
       4.98770691e+002, 9.31018616e+002, 5.01115265e+002,
       9.65463257e+002, 5.03436737e+002, 9.99750427e+002,
       5.05765259e+002, 1.03418958e+003, 5.08199677e+002,
       1.06843481e+003, 5.10542145e+002, 1.10247559e+003,
       5.12807190e+002, 1.13652832e+003, 5.15294128e+002,
       1.17053467e+003, 5.17601807e+002, 8.60858521e+002,
       5.27753296e+002, 8.94809509e+002, 5.29987915e+002,
       9.29041443e+002, 5.32299561e+002, 9.62996338e+002,
       5.34564697e+002, 9.96961487e+002, 5.36869263e+002,
       1.03107837e+003, 5.39300171e+002, 1.06489172e+003,
       5.41494385e+002, 1.09862451e+003, 5.43852722e+002,
       1.13231885e+003, 5.46152832e+002, 1.16586316e+003,
       5.48384644e+002, 8.59435242e+002, 5.58258545e+002,
       8.93315796e+002, 5.60561340e+002, 9.26895691e+002,
       5.62865967e+002, 9.60619873e+002, 5.65166687e+002,
       9.94217651e+002, 5.67446838e+002, 1.02788318e+003,
       5.69587097e+002, 1.06141785e+003, 5.71847290e+002,
       1.09475500e+003, 5.74180908e+002, 1.12814172e+003,
       5.76419617e+002, 1.16136694e+003, 5.78564209e+002,
       8.58246887e+002, 5.88364868e+002, 8.91530884e+002,
       5.90593384e+002, 9.25060974e+002, 5.92748718e+002,
       9.58352173e+002, 5.95146973e+002, 9.91571594e+002,
       5.97269653e+002, 1.02486060e+003, 5.99520935e+002,
       1.05800415e+003, 6.01615112e+002, 1.09101965e+003,
       6.03936890e+002, 1.12395740e+003, 6.06098938e+002,
       1.15688660e+003, 6.08306458e+002 ]
   - [ 2.57775238e+002, 1.33289169e+002, 3.01249786e+002,
       1.32978531e+002, 3.43883026e+002, 1.32694992e+002,
       3.85768738e+002, 1.32421097e+002, 4.27266968e+002,
       1.32192703e+002, 4.68124695e+002, 1.32182785e+002,
       5.08183044e+002, 1.32052719e+002, 5.47585449e+002,
       1.32180176e+002, 5.86583679e+002, 1.32121155e+002,
       6.24866150e+002, 1.32218628e+002, 2.63673889e+002,
       1.72160538e+002, 3.06375305e+002, 1.71392380e+002,
       3.48333221e+002, 1.70723816e+002, 3.89553741e+002,
       1.70241455e+002, 4.30201019e+002, 1.69647461e+002,
       4.70383301e+002, 1.69296783e+002, 5.09711212e+002,
       1.68904694e+002, 5.48612793e+002, 1.68408844e+002,
       5.86929932e+002, 1.68292511e+002, 6.24725708e+002,
       1.68154099e+002, 2.69497742e+002, 2.09636795e+002,
       3.11386139e+002, 2.08580887e+002, 3.52564667e+002,
       2.07720718e+002, 3.93097504e+002, 2.06770233e+002,
       4.33212830e+002, 2.06154831e+002, 4.72588684e+002,
       2.05391754e+002, 5.11310425e+002, 2.04616898e+002,
       5.49652222e+002, 2.04072800e+002, 5.87561340e+002,
       2.03468613e+002, 6.24542114e+002, 2.03039108e+002,
       2.75203705e+002, 2.45833710e+002, 3.16333252e+002,
       2.44711288e+002, 3.56735413e+002, 2.43601395e+002,
       3.96743011e+002, 2.42514938e+002, 4.36169983e+002,
       2.41480698e+002, 4.74927643e+002, 2.40481522e+002,
       5.13148010e+002, 2.39545013e+002, 5.50662476e+002,
       2.38553925e+002, 5.87980042e+002, 2.37701828e+002,
       6.24508179e+002, 2.36838501e+002, 2.80744354e+002,
       2.81381409e+002, 3.21179596e+002, 2.79763397e+002,
       3.60927612e+002, 2.78482269e+002, 4.00214661e+002,
       2.76982361e+002, 4.38892944e+002, 2.75689026e+002,
       4.77195862e+002, 2.74567566e+002, 5.14665833e+002,
       2.73277832e+002, 5.51756042e+002, 2.72117737e+002,
       5.88479309e+002, 2.70920624e+002, 6.24498901e+002,
       2.69906525e+002, 2.86170013e+002, 3.15406708e+002,
       3.25832642e+002, 3.13824921e+002, 3.65052765e+002,
       3.12281342e+002, 4.03662018e+002, 3.10653503e+002,
       4.41736511e+002, 3.09033661e+002, 4.79336029e+002,
       3.07629791e+002, 5.16375549e+002, 3.06109375e+002,
       5.52841431e+002, 3.04782501e+002, 5.88954285e+002,
       3.03398346e+002, 6.24464478e+002, 3.02058258e+002,
       2.91549377e+002, 3.48812958e+002, 3.30541809e+002,
       3.46982635e+002, 3.69074341e+002, 3.45072327e+002,
       4.07056274e+002, 3.43216492e+002, 4.44517700e+002,
       3.41428131e+002, 4.81492218e+002, 3.39721924e+002,
       5.18080627e+002, 3.38070221e+002, 5.54030396e+002,
       3.36468506e+002, 5.89629333e+002, 3.34905823e+002,
       6.24545593e+002, 3.33410126e+002 ]
   - [ 7.43987366e+002, 1.30248993e+002, 7.81350342e+002,
       1.31151642e+002, 8.18573181e+002, 1.32118805e+002,
       8.55553650e+002, 1.33107224e+002, 8.92469360e+002,
       1.34153458e+002, 9.29407959e+002, 1.35463272e+002,
       9.65763733e+002, 1.36684586e+002, 1.00216071e+003,
       1.38162979e+002, 1.03830273e+003, 1.39432053e+002,
       1.07427954e+003, 1.40994644e+002, 7.44677002e+002,
       1.65786804e+002, 7.81520752e+002, 1.66529495e+002,
       8.18187561e+002, 1.67351685e+002, 8.54840393e+002,
       1.68321854e+002, 8.91310364e+002, 1.69322540e+002,
       9.27562561e+002, 1.70391098e+002, 9.63479248e+002,
       1.71588501e+002, 9.99368958e+002, 1.72774979e+002,
       1.03501440e+003, 1.74191193e+002, 1.07039636e+003,
       1.75416870e+002, 7.45421570e+002, 2.00384644e+002,
       7.81693298e+002, 2.01067978e+002, 8.17968933e+002,
       2.01744385e+002, 8.54085205e+002, 2.02557495e+002,
       8.89912170e+002, 2.03518753e+002, 9.25705872e+002,
       2.04502655e+002, 9.61323608e+002, 2.05523849e+002,
       9.96534607e+002, 2.06617050e+002, 1.03173792e+003,
       2.07805664e+002, 1.06661365e+003, 2.09066132e+002,
       7.46329956e+002, 2.33816452e+002, 7.82242126e+002,
       2.34541107e+002, 8.17816895e+002, 2.35323975e+002,
       8.53246277e+002, 2.36069611e+002, 8.88522949e+002,
       2.36786163e+002, 9.23993652e+002, 2.37630905e+002,
       9.59013489e+002, 2.38691635e+002, 9.93722595e+002,
       2.39597946e+002, 1.02848132e+003, 2.40662247e+002,
       1.06291565e+003, 2.41701111e+002, 7.47247375e+002,
       2.66612976e+002, 7.82482910e+002, 2.67104675e+002,
       8.17729553e+002, 2.67740723e+002, 8.52606445e+002,
       2.68541534e+002, 8.87456726e+002, 2.69202118e+002,
       9.22416870e+002, 2.70048676e+002, 9.56753601e+002,
       2.70777771e+002, 9.91199463e+002, 2.71728363e+002,
