%YAML:1.0
Mat: !!opencv-matrix
   rows: 3
   cols: 1
   dt: d
   data: [ 8.0160896317401240e-002, 1.5382394577031593e-002,
       2.7969313124266383e-003 ]
