%YAML:1.0
Mat: !!opencv-matrix
   rows: 3
   cols: 1
   dt: d
   data: [ -7.5542706390590126e+000, 7.6656741397198090e+001,
       4.5057333210287219e+001 ]
