%YAML:1.0
Mat: !!opencv-matrix
   rows: 3
   cols: 1
   dt: d
   data: [ 7.7135648568639151e-002, 1.0755256028278010e-002,
       6.2058527698460788e-003 ]
