%YAML:1.0
Mat: !!opencv-matrix
   rows: 3
   cols: 1
   dt: d
   data: [ -5.7426976148753637e+000, 7.4840224492881248e+001,
       3.5422748434934419e+001 ]
