%YAML:1.0
cameraMatrix: !!opencv-matrix
   rows: 3
   cols: 3
   dt: d
   data: [ 1.3305616360242134e+003, 0., 9.6847194907590608e+002, 0.,
       1.3270480723377270e+003, 5.5043084290833974e+002, 0., 0., 1. ]
imageSize_width: 1920
imageSize_height: 1080
sensorSize_width: 0
sensorSize_height: 0
distCoeffs: !!opencv-matrix
   rows: 5
   cols: 1
   dt: d
   data: [ -1.3122771707016098e-001, 1.0606538642964485e-001,
       9.9471295276848198e-004, 6.0770649403146359e-004,
       -4.2009710796766596e-002 ]
reprojectionError: 0.
features:
   []
