%YAML:1.0
Mat: !!opencv-matrix
   rows: 3
   cols: 1
   dt: d
   data: [ 6.7203343709352020e-002, 1.3710637989459252e-002,
       -6.6599738925491253e-003 ]
