%YAML:1.0
Mat: !!opencv-matrix
   rows: 3
   cols: 1
   dt: d
   data: [ -6.8181036505782329e+000, 7.3609215393653088e+001,
       4.1684607905322068e+001 ]
